2
100 152 5 0
1 11
1 2
2 12
2 3
3 13
3 4
4 14
4 5
5 15
5 6
6 16
6 7
7 17
7 8
8 18
8 9
9 19
9 10
10 20
11 21
11 12
12 22
12 13
13 23
15 25
15 16
16 26
16 17
17 27
17 18
18 28
18 19
19 20
20 30
21 31
21 22
22 32
22 23
23 24
24 34
25 35
25 26
26 36
26 27
27 37
27 28
28 38
28 29
29 30
30 40
31 41
31 32
32 42
32 33
33 43
33 34
34 35
35 45
35 36
36 46
38 48
39 49
39 40
40 50
41 51
41 42
42 43
43 53
43 44
44 54
44 45
45 55
45 46
46 56
46 47
47 57
47 48
48 58
49 59
49 50
50 60
51 61
51 52
52 62
52 53
53 54
54 55
55 65
55 56
56 66
56 57
57 58
58 68
58 59
59 69
59 60
60 70
61 71
61 62
62 72
62 63
63 73
63 64
64 74
64 65
65 66
66 76
67 68
68 78
69 79
69 70
70 80
71 72
72 82
72 73
73 74
74 75
75 85
75 76
76 86
76 77
77 87
77 78
78 88
78 79
79 89
79 80
80 90
81 91
82 92
82 83
83 93
84 94
84 85
85 95
85 86
86 96
86 87
87 97
87 88
88 98
88 89
89 99
89 90
90 100
91 92
92 93
93 94
94 95
96 97
97 98
99 100
100 152 10 0
1 11
1 2
2 12
2 3
3 13
3 4
4 14
4 5
5 15
5 6
6 16
6 7
7 17
7 8
8 18
8 9
9 19
9 10
10 20
11 21
11 12
12 22
12 13
13 23
15 25
15 16
16 26
16 17
17 27
17 18
18 28
18 19
19 20
20 30
21 31
21 22
22 32
22 23
23 24
24 34
25 35
25 26
26 36
26 27
27 37
27 28
28 38
28 29
29 30
30 40
31 41
31 32
32 42
32 33
33 43
33 34
34 35
35 45
35 36
36 46
38 48
39 49
39 40
40 50
41 51
41 42
42 43
43 53
43 44
44 54
44 45
45 55
45 46
46 56
46 47
47 57
47 48
48 58
49 59
49 50
50 60
51 61
51 52
52 62
52 53
53 54
54 55
55 65
55 56
56 66
56 57
57 58
58 68
58 59
59 69
59 60
60 70
61 71
61 62
62 72
62 63
63 73
63 64
64 74
64 65
65 66
66 76
67 68
68 78
69 79
69 70
70 80
71 72
72 82
72 73
73 74
74 75
75 85
75 76
76 86
76 77
77 87
77 78
78 88
78 79
79 89
79 80
80 90
81 91
82 92
82 83
83 93
84 94
84 85
85 95
85 86
86 96
86 87
87 97
87 88
88 98
88 89
89 99
89 90
90 100
91 92
92 93
93 94
94 95
96 97
97 98
99 100
